6 23 21 17 13 0 0 0 2 0 1
91 17 71 3 5  0 0 0 2 2 0
5 3 71 91 7 0 1 2 0 0 0
12 16 88 19 15 2 1 0 0 0 0
21 23 22 55 14 0 0 0 0 0 0
23 21 55 22 13 0 0 0 1 0 0
13 3 5 6 17 0 0 0 0 0 0
3 5 71 91 7 0 0 0 0 0 0
15 19 7 91 71 1 0 1 0 1 1
12 16 88 21 23 1 1 2 1 0 0
5 3 14 55 16 0 0 0 1 0 1
55 14 22 5 3 0 1 0 0 0 0
6 17 13 15 19 0 1 0 0 1 0
71 91 7 21 23 0 1 0 0 0 0
88 12 16 3 5 0 0 0 0 0 0
15 19 14 22 55 0 0 0 0 0 0
88 16 12 15 19 0 0 0 0 0 0
13 12 88 19 15 0 1 0 0 0 0
13 19 15 6 17 0 0 0 0 0 0
13 17 6 3 5 1 0 0 0 0 0
71 17 13 3 5 0 0 0 0 0 0
71 7 91 21 23 0 0 0 0 0 0
0 0 0 0 0 0 0 0 0 0 0
71 7 91 21 23 0 0 0 0 0 0
15 19 91 71 7 0 0 0 0 0 0
16 12 88 19 15 1 0 0 0 0 0
3 5 88 12 16 0 0 0 1 0 1
6 17 13 21 23 1 0 0 1 0 0
15 19 6 13 17 0 0 0 1 0 0
22 14 55 5 3 0 0 0 1 1 1
91 71 7 5 3 0 0 0 0 3 0
19 15 14 55 7 0 0 0 0 0 0
19 23 22 55 88 0 0 0 2 2 2
5 3 88 12 16 0 0 0 0 0 0
5 3 13 6 17 0 0 0 1 0 0
21 23 71 7 91 1 0 0 1 3 0
12 88 16 15 19 0 0 0 1 1 1
19 3 14 55 22 0 0 0 1 2 0
5 21 6 17 13 1 1 0 0 0 0
23 21 17 6 13 0 0 0 2 0 0
91 71 7 15 19 1 0 1 1 2 1
5 3 16 12 88 0 0 0 0 0 0
13 91 16 19 21 0 0 0 1 0 0
0 0 0 0 0 0 0 0 0 0 0
12 21 23 88 16 0 1 0 0 0 0
22 16 14 19 15 0 0 0 1 1 0
71 7 91 3 5 0 0 0 0 1 0
6 13 17 21 23 0 1 0 1 0 0
22 88 16 19 15 0 1 1 0 0 0
88 17 16 21 23 0 0 0 1 0 1
88 16 22 23 5 0 0 0 1 0 0
91 71 7 14 5 0 1 1 0 0 0
91 7 71 14 15 0 1 0 1 1 1
6 13 3 7 14 0 0 0 1 0 0
17 6 13 14 3 1 0 1 0 1 0
22 16 88 21 5 0 1 0 0 0 0
19 23 7 71 91 0 1 1 1 0 0
13 17 6 14 15 0 0 0 1 0 0
7 71 91 23 6 0 0 0 2 0 1
16 13 22 15 14 0 0 0 0 1 0
17 16 13 23 3 0 0 0 0 0 0
3 23 91 88 71 1 0 0 0 1 0