15 21 22 91 22 0 0 0 0 0 0
21 15 17 13 7 0 0 0 1 0 0
5 13 6 19 17 0 0 0 1 0 0
19 5 88 12 16 2 2 0 0 0 0
91 71 7 23 14 0 2 0 0 0 0
21 15 88 22 71 0 1 0 0 0 0
13 6 23 17 21 1 0 0 0 0 0
71 7 91 14 23 0 0 0 0 0 0
12 88 16 5 19 1 0 1 0 1 0
6 13 17 19 5 0 0 0 0 0 0
21 15 17 6 13 0 0 0 1 0 0
19 5 22 7 91 0 0 0 1 0 0
16 12 88 14 23 1 0 0 0 0 0
6 23 13 88 12 0 1 0 0 0 0
6 13 17 21 15 2 1 1 0 0 0
91 71 7 5 19 2 1 1 0 0 0
12 16 88 5 19 0 2 1 1 0 1
23 14 6 17 13 2 0 1 0 1 0
91 71 7 15 21 1 1 1 2 0 0
0 0 0 0 0 0 0 0 0 0 0
16 12 88 19 5 1 2 1 0 0 0
21 15 17 6 13 2 0 1 0 0 0
23 14 91 7 13 0 0 0 0 0 0
91 71 7 23 14 0 0 0 2 0 1
7 71 91 5 19 1 0 1 0 1 0
12 88 16 5 19 1 0 0 0 0 0
17 6 22 21 15 1 1 1 0 1 0
23 14 71 91 7 1 2 0 0 0 0
19 5 16 12 88 1 2 1 1 1 1
0 19 15 17 13 0 0 0 1 1 0
0 23 21 71 7 1 1 2 0 1 0
5 21 23 6 16 0 0 0 1 0 1
16 12 88 15 14 1 0 0 0 0 0
13 6 17 5 19 1 0 1 1 0 0
91 71 7 5 19 1 0 0 0 0 0
21 5 71 7 22 1 0 1 0 0 0
12 16 88 21 15 0 0 0 0 1 0
0 0 0 0 0 0 0 0 0 0 0
71 7 91 15 21 0 0 0 0 0 0
22 7 12 19 5 1 0 1 0 1 0
5 19 22 12 16 0 0 0 0 0 0
6 13 17 14 23 0 1 0 1 0 1
21 15 7 71 91 0 1 1 1 1 1
17 13 6 15 21 0 0 0 2 0 0
71 91 7 15 91 0 0 0 1 0 0
91 71 7 5 19 0 0 0 0 0 0
12 16 7 19 5 0 2 0 0 0 0
12 88 16 14 23 0 0 0 1 0 0
19 5 71 7 91 0 0 0 1 0 0
12 88 17 15 21 1 1 0 0 0 0
16 12 88 14 23 0 0 0 0 0 0
5 19 17 13 6 0 0 0 1 0 1
71 13 17 5 19 1 0 1 0 0 0
91 71 7 15 21 0 0 0 0 0 0
0 0 0 0 0 0 0 0 0 0 0
0 0 16 7 5 2 0 1 0 0 0