11 71 15 14 91 2 0 0 0 0 0
6 88 22 23 5 0 1 0 0 0 0
1 1 1 1 1 0 0 0 0 0 0
22 6 23 15 16 0 1 0 0 1 0
22 6 18 23 3 0 1 0 0 0 0
91 3 23 71 11 0 0 0 1 1 1
11 71 91 5 14 1 0 1 0 0 0
0 0 0 0 0 0 0 0 0 0 0
0 88 22 21 15 0 0 0 0 0 0
5 91 16 7 27 0 1 1 0 0 0
5 27 12 16 7 0 0 0 0 0 0
71 11 91 15 21 0 0 0 0 0 0
6 7 88 21 15 0 0 0 1 0 0
27 71 7 21 11 1 0 0 0 0 0
71 11 27 21 15 0 1 0 0 0 0
22 18 71 15 21 1 0 0 0 0 0
22 88 18 23 3 0 1 1 0 0 0
71 91 11 14 5 1 1 2 1 0 0
22 18 88 21 15 1 1 1 0 0 0
18 27 22 21 15 0 0 0 0 1 0
27 12 16 3 23 1 0 0 0 0 0
91 71 11 3 23 1 0 1 0 1 1
5 71 91 11 14 1 1 1 0 0 0
7 6 88 5 14 0 0 0 0 0 0
0 0 0 0 0 0 0 0 0 0 0
16 12 27 5 14 1 1 1 0 0 0
16 12 27 21 14 0 0 0 1 0 0
21 15 71 11 91 1 0 0 0 0 0
1 1 1 1 1 0 0 0 0 0 0
21 23 7 6 11 2 1 2 0 0 0
7 5 22 21 11 1 0 1 0 0 0
22 71 18 21 15 0 0 0 0 0 0
1 1 1 1 1 0 0 0 0 0 0
5 14 11 7 6 0 1 1 0 0 0
15 21 91 88 71 0 2 0 0 0 0
21 15 18 7 22 0 0 0 1 1 1
5 23 22 18 88 0 0 0 1 0 0
3 27 23 16 12 2 0 1 0 1 0
14 5 71 91 16 1 0 1 0 0 0
14 5 11 91 71 0 0 0 0 0 0
15 21 71 91 11 0 1 0 0 0 0
21 15 6 88 7 0 0 0 1 0 0
23 3 7 22 88 1 1 1 0 0 0
22 71 91 21 23 1 0 0 0 0 0
12 71 18 21 23 2 0 1 0 0 0
14 5 16 12 27 0 2 1 0 0 0
1 1 1 1 1 0 0 0 0 0 0
12 91 16 5 23 1 0 0 1 0 0
15 21 12 16 91 1 0 0 0 0 0
5 23 6 7 88 0 0 0 0 0 0
7 88 23 5 6 0 1 0 0 1 1
0 0 0 0 0 0 0 0 0 0 0
0 0 12 5 27 0 0 0 0 0 0
0 0 11 7 21 1 0 0 0 1 0
0 0 71 16 15 1 0 0 0 0 0
0 0 6 16 5 2 0 1 2 0 1
0 0 91 5 27 0 0 0 2 0 1
0 0 27 91 21 0 2 1 1 0 0
0 0 11 5 7 1 0 1 0 0 0