23 3 6 7 19 0 0 0 1 1 1
21 15 91 71 11 0 0 0 0 0 0
15 21 27 12 16 1 0 0 0 0 0
12 16 27 5 8 0 0 0 0 0 0
1 1 1 1 1 0 0 0 0 0 0
7 19 6 15 21 0 0 0 0 0 0
71 91 11 15 21 0 0 0 1 0 1
71 27 11 15 21 1 0 0 0 0 0
23 3 12 27 16 0 0 0 2 0 0
1 1 1 1 1 0 0 0 0 0 0
5 8 18 88 22 0 0 0 1 0 0
15 21 22 18 88 0 1 0 0 0 0
1 1 1 1 1 0 0 0 0 0 0
21 15 27 7 71 0 1 0 0 0 0
21 15 22 18 88 0 1 0 0 0 0
15 21 16 88 22 0 1 0 0 0 0
15 8 16 27 12 2 0 2 0 0 0
5 8 12 16 27 1 0 1 0 0 0
0 0 0 0 0 0 0 0 0 0 0
71 91 11 8 5 0 1 0 0 0 0
23 5 6 7 19 0 1 0 0 0 0
23 3 6 7 19 1 0 0 1 0 0
23 3 12 16 27 1 1 1 0 0 0
15 21 16 12 27 0 0 0 0 1 1
22 18 88 21 15 0 0 0 1 1 0
1 1 1 1 1 0 0 0 0 0 0
5 8 19 6 7 0 1 0 0 0 0
7 71 91 8 5 0 1 1 1 0 1
16 12 27 23 3 1 0 0 1 1 1
21 15 12 16 27 1 0 0 0 0 0
22 88 18 21 15 1 0 0 0 0 0
19 6 7 21 15 0 1 0 1 0 0
19 6 7 8 5 0 1 0 0 0 0
8 5 71 11 91 0 0 0 1 0 0
1 1 1 1 1 0 0 0 0 0 0
71 7 11 21 15 1 0 0 1 1 0
23 3 12 16 27 0 0 0 0 1 1
8 5 22 88 18 1 0 0 0 0 0
15 21 7 6 19 1 0 0 0 0 0
21 15 11 91 71 0 0 0 0 0 0
91 11 7 21 15 2 0 1 3 0 1
12 27 16 3 23 0 0 0 1 0 1
18 88 22 5 8 1 0 0 1 1 1
1 1 1 1 1 0 0 0 0 0 0
27 12 16 23 3 0 0 0 1 0 1
23 5 16 12 27 1 1 0 0 0 0
23 5 27 71 7 1 0 1 0 0 0
0 0 0 0 0 0 0 0 0 0 0
0 21 15 6 7 2 1 0 0 1 0
0 71 91 5 23 3 0 1 0 0 0
1 1 1 1 1 0 0 0 0 0 0
5 19 12 16 91 1 1 1 0 0 0
21 15 88 18 22 0 0 0 2 0 2
23 3 11 91 71 0 1 0 1 1 1
5 8 6 19 7 1 1 1 0 0 0
5 8 12 16 27 0 0 0 0 2 1
15 21 27 12 16 0 1 0 0 0 0
3 23 22 18 88 0 0 0 0 0 0
1 1 1 1 1 0 0 0 0 0 0
21 15 7 11 6 0 0 0 1 0 0
1 1 1 1 1 0 0 0 0 0 0
12 91 23 5 16 0 0 0 1 0 1
21 15 22 88 18 0 1 1 0 0 0
1 1 1 1 1 0 0 0 0 0 0
23 8 11 71 7 1 0 0 0 0 0
5 8 11 71 7 1 1 0 0 0 0
1 1 1 1 1 0 0 0 0 0 0
16 12 11 15 23 0 1 1 0 0 0
11 12 18 23 8 1 0 1 0 0 0


