91 71 11 5 14 1 0 0 0 0 0
7 6 19 21 15 1 0 1 0 0 0
8 23 16 12 27 1 0 1 1 0 0
5 14 88 18 22 0 1 0 0 0 0
21 15 88 18 22 0 0 0 0 1 1
21 15 71 11 91 0 0 0 1 0 1
8 23 11 71 91 0 1 1 0 0 0
5 14 7 19 11 1 0 1 0 0 0
5 14 7 19 6 1 0 0 0 0 0
21 15 27 12 16 0 0 0 0 0 0
23 8 18 22 88 3 1 0 0 0 0
5 14 11 91 71 0 2 0 1 0 0
15 21 6 19 7 0 0 0 1 0 1
23 8 7 27 19 1 0 1 0 0 0
23 8 27 12 16 0 0 0 1 0 0
23 8 22 18 88 1 0 0 1 0 1
21 15 11 91 71 2 0 1 0 0 0
23 8 6 19 7 0 0 0 0 0 0
14 5 16 12 27 0 1 0 1 0 0
21 15 91 71 11 0 0 0 1 0 0
23 8 18 22 88 1 1 1 1 0 0
5 14 7 19 6 0 0 0 0 0 0
21 14 7 11 6 0 0 0 0 1 0
21 14 11 7 6 1 0 1 0 0 0
23 8 12 16 27 0 0 0 0 0 0
0 0 0 0 0 0 0 0 0 0 0
23 8 7 19 6 1 3 3 0 0 0
71 91 11 8 23 0 0 0 1 0 0
15 21 27 11 12 1 0 0 0 0 0
15 21 27 12 27 2 1 1 0 1 0
14 5 22 18 88 0 1 1 0 0 0
14 23 6 19 7 1 1 0 0 0 0
6 19 7 8 23 1 0 0 0 0 0
71 91 11 8 23 1 2 1 0 0 0
15 8 91 71 11 0 0 0 0 1 0
16 12 27 21 15 0 2 0 0 0 0
14 5 22 16 18 0 0 0 1 0 0
14 5 88 18 22 0 0 0 2 0 2
8 23 7 6 19 0 0 0 0 1 0
15 21 91 71 11 2 1 1 0 0 0
11 91 71 21 15 0 0 0 1 0 0
71 12 27 15 21 0 0 0 0 1 0
1 1 1 1 1 0 0 0 0 0 0
5 6 71 27 7 0 0 0 1 0 1
5 14 71 27 7 1 0 0 1 0 0
5 14 22 88 18 1 0 0 0 0 0
19 6 7 8 23 1 0 1 0 0 0
12 16 27 21 15 0 0 0 0 0 0
0 0 0 0 0 0 0 0 0 0 0
14 5 11 91 71 0 0 0 0 0 0
23 15 11 71 91 3 0 1 0 0 0
15 23 19 6 7 0 0 0 1 0 0
8 5 6 19 7 0 1 0 0 0 0
8 5 12 19 7 0 1 1 0 0 0
8 5 12 27 19 0 0 0 0 1 0
23 15 12 27 16 0 0 0 0 0 0
23 5 16 12 27 2 0 1 1 0 0
14 5 22 18 88 0 0 0 0 2 1
23 15 91 71 11 1 0 1 0 0 0
8 5 11 91 71 0 0 0 0 0 0
5 8 7 71 11 0 1 0 0 1 0
5 8 7 19 6 1 0 1 0 1 0
14 15 6 19 7 0 0 0 1 0 1
15 14 27 12 16 2 0 1 0 0 0
23 8 88 18 22 1 1 2 0 0 0
23 8 91 71 11 1 1 1 0 0 0
14 5 71 11 91 1 0 1 0 0 0
14 5 6 7 19 0 0 0 0 0 0
14 5 7 12 27 1 0 0 0 0 0
15 8 12 27 16 1 0 0 0 0 0
21 23 18 22 88 2 0 1 0 0 0
91 71 11 23 21 1 0 0 1 0 0
15 8 7 19 6 2 0 2 0 0 0
15 8 7 6 19 1 0 1 1 1 1
5 14 16 27 12 0 1 1 0 0 0
15 5 16 18 22 0 0 0 1 1 1
1 1 1 1 1 0 0 0 0 0 0
8 14 11 71 91 2 0 2 0 0 0
19 7 6 14 8 0 1 0 0 0 0
21 15 7 6 19 0 0 0 0 0 0
15 8 16 27 12 0 0 0 1 0 1
14 8 18 22 88 0 0 0 0 0 0
