15 21 12 27 16 1 0 0 0 0 0
15 21 71 91 11 2 2 1 0 0 0
21 5 11 7 71 2 0 0 0 0 0
5 8 7 6 88 0 0 0 0 0 0
23 3 22 18 14 1 0 0 0 0 0
21 15 12 16 27 1 0 0 1 1 0
8 5 12 16 27 0 0 0 0 0 0
8 5 11 71 91 0 0 0 0 0 0
1 1 1 1 1 0 0 0 0 0 0
23 3 7 6 88 2 1 1 0 0 0
21 23 22 18 15 1 0 0 0 0 0
21 15 14 18 22 0 1 1 0 0 0
21 15 16 27 12 1 1 0 0 0 0
5 8 11 91 71 2 0 0 0 0 0
3 23 7 6 88 0 0 0 1 0 0
15 21 18 88 22 0 0 0 0 0 0
27 12 16 21 5 0 1 0 0 0 0
5 8 16 12 27 0 1 0 0 1 1
3 23 11 71 91 0 0 0 1 0 0
1 1 1 1 1 0 0 0 0 0 0
21 23 12 16 91 0 0 0 0 0 0
15 21 22 16 88 1 0 0 1 0 0
22 88 18 15 21 1 2 1 0 0 0
8 5 7 6 27 1 0 0 0 0 0
23 3 7 71 11 0 0 0 0 1 1
0 0 0 0 0 0 0 0 0 0 0
23 3 6 88 7 0 0 0 0 1 0
1 1 1 1 1 0 0 0 0 0 0
15 8 16 27 12 1 0 1 2 0 1
15 21 88 7 6 0 0 0 4 1 2
15 21 71 91 11 0 0 0 1 0 0
71 11 91 8 5 0 0 0 0 0 0
8 5 22 14 18 0 0 0 0 0 0
23 3 27 16 12 0 1 0 0 0 0
21 15 27 16 12 1 0 0 0 0 0
15 21 6 7 88 1 0 1 0 0 0
5 8 11 71 91 0 0 0 0 1 0
5 8 91 71 14 0 0 0 0 0 0
1 1 1 1 1 0 0 0 0 0 0
15 21 11 71 27 2 1 1 0 0 0
5 8 18 14 22 0 0 0 3 0 2
1 1 1 1 1 0 0 0 0 0 0
21 5 11 27 12 0 0 0 1 0 0
21 15 12 27 16 0 0 0 0 0 0
0 0 0 0 0 0 0 0 0 0 0
21 15 88 7 6 0 0 0 1 0 0
23 3 11 71 91 1 1 1 0 0 0
5 8 22 14 18 0 1 0 0 1 0
8 21 14 22 27 0 0 0 1 1 1
15 21 27 12 16 0 0 0 0 1 0
23 3 12 16 27 0 0 0 1 0 0
1 1 1 1 1 0 0 0 0 0 0
23 3 11 91 71 0 0 0 0 0 0
23 3 71 27 91 0 1 0 0 0 0
5 8 12 27 16 1 0 0 2 0 0
15 5 7 27 6 0 0 0 1 0 1
15 21 6 88 7 0 0 0 2 1 2
23 3 88 7 6 2 0 2 0 0 0
3 23 11 71 91 0 0 0 0 0 0
5 8 27 16 12 0 0 0 0 0 0
21 15 7 6 88 1 1 1 0 0 0
15 21 11 71 7 1 0 0 0 0 0
23 3 11 71 91 1 0 1 0 0 0
23 3 91 27 16 1 0 0 0 1 0
21 5 27 16 12 0 0 0 0 0 0
15 23 7 88 6 0 0 0 0 0 0
21 5 71 91 11 1 0 0 0 1 0
21 5 27 71 11 0 0 0 0 0 0
21 23 16 27 12 1 0 0 0 0 0
23 8 22 14 18 0 0 0 0 0 0