71 27 11 6 7 0 2 0 2 0 1
12 16 91 23 5 0 1 0 0 0 0
1 1 1 1 1 0 0 0 0 0 0
7 71 27 6 11 0 0 0 0 1 0
27 6 16 11 7 0 1 0 0 0 0
23 5 16 12 91 0 0 0 0 0 0
1 1 1 1 1 0 0 0 0 0 0
12 16 27 5 23 1 1 0 1 0 1
11 71 27 6 7 2 1 0 0 0 0
21 7 11 71 27 0 0 0 0 0 0
1 1 1 1 1 0 0 0 0 0 0
7 71 27 6 11 1 0 1 0 0 0
1 1 1 1 1 0 0 0 0 0 0
12 16 91 5 23 1 2 2 0 0 0
15 7 11 71 27 0 1 0 0 0 0
1 1 1 1 1 0 0 0 0 0 0
71 27 19 6 11 2 1 1 0 0 0
0 0 0 0 0 0 0 0 0 0 0
6 7 27 11 71 2 0 0 0 0 0
1 1 1 1 1 0 0 0 0 0 0
6 7 27 71 11 1 0 1 0 0 0
12 91 23 5 16 1 0 0 0 0 0