0 71 15 11 21 0 0 0 0 0 0
0 5 8 91 11 0 0 0 0 0 0
0 8 5 7 88 1 0 1 0 0 0
1 1 1 1 1 0 0 0 0 0 0
0 3 15 6 11 0 0 0 0 1 0
0 3 15 7 11 0 0 0 0 0 0
0 3 15 7 71 0 0 0 0 0 0
0 0 0 0 0 0 0 0 0 0 0
0 22 88 5 21 1 0 1 0 0 0
0 71 11 21 15 0 0 0 0 0 0
1 1 1 1 1 0 0 0 0 0 0
0 6 7 15 21 0 0 0 1 1 1
0 91 11 15 21 0 0 0 1 1 2
0 0 0 0 0 0 0 0 0 0 0
0 91 71 5 8 0 0 0 5 2 1
1 1 1 1 1 0 0 0 0 0 0
0 18 22 21 15 0 1 0 0 0 0
0 6 19 3 23 0 0 0 0 0 0
0 3 23 11 71 0 0 0 0 1 0
1 1 1 1 1 0 0 0 0 0 0
0 21 5 91 27 0 0 0 0 0 0
0 21 5 12 16 0 0 0 0 0 0
0 23 15 16 12 0 0 0 0 0 0