3 5 23 11 71 1 0 0 0 0 0
14 23 11 71 17 0 0 0 0 0 0
14 23 5 17 6 0 0 0 0 0 0
19 8 17 55 6 1 1 1 1 0 0
5 19 22 88 18 0 0 0 0 1 0
23 3 5 88 18 0 0 0 1 0 0
5 3 12 20 16 0 0 0 2 0 0
3 5 20 12 16 0 1 0 1 0 0
14 23 11 91 71 0 0 0 0 1 0
1 1 1 1 1 0 0 0 0 0 0
8 19 55 17 6 0 0 0 2 2 2
14 23 12 20 16 0 0 0 1 1 1
3 5 91 71 11 1 0 1 0 0 0
3 5 91 88 71 0 0 0 1 0 0
8 19 22 88 18 0 0 0 0 0 0
1 1 1 1 1 0 0 0  0 0 0
14 23 55 6 17 0 0 0 0 0 0
14 23 71 11 91 0 0 0 2 0 1
14 19 71 91 11 0 0 0 1 0 1
23 8 91 71 11 0 1 0 0 0 0
1 1 1 1 1 0 0 0 0 0 0
3 14 22 20 18 1 0 0 0 0 0
0 0 0 0 0 0 0 0 0 0 0
14 3 20 11 71 0 0 0 0 0 0
19 8 55 6 17 0 1 0 0 0 0
5 3 55 6 17 0 0 0 0 1 0
23 14 22 88 18 0 0 0 0 0 0
23 14 12 88 16 1 0 0 0 0 0
8 19 16 12 88 0 0 0  0 0 0
12 16 20 8 19 0 0 0 2 0 2
11 91 71 5 3 0 1 1 1 0 1
23 3 17 55 6 0 0 0 0 0 0
23 14 6 17 55 0 0 0 0 1 0
22 18 88 8 19 0 0 0 0 0 0
1 1 1 1 1 0 0 0 0 0 0
23 14 18 20 17 0 0 0 1 2 1
3 5 6 20 17 1 1 1 0 0 0
1 1 1 1 1 0 0 0 0 0 0
5 3 91 11 71 1 0 1 0 0 0
8 19 71 11 91 2 0 1 0 0 0
16 12 20 19 8 0 2 0 0 0 0
8 19 16 88 12 0 1 0 0 0 0
23 8 16 88 12 1 0 0 0 0 0
23 14 88 22 18 1 0 0 0 0 0
23 14 17 55 6 0 1 0 1 1 1
5 3 91 71 11 1 1 1 1 1 1
5 3 11 91 55 0 0 0 1 1 1
5 19 16 12 20 0 0 0 2 1 0
8 19 16 20 12 0 0 0 0 0 0
14 23 12 16 20 0 0 0 0 0 0
14 23 6 55 17 0 0 0 2 1 0
0 0 0 0 0 0 0 0 0 0 0
14 23 91 11 71 0 0 0 0 3 0
14 23 91 11 71 0 0 0 0 1 0
3 5 11 12 71 1 0 0  0 0 0
5 3 12 16 20 1 1 0 0 0 0
8 19 6 16 55 1 0 0 0 1 1
8 19 55 6 17 0 1 0 0 0 0
23 14 22 55 17 0 0 0 0 0 0
14 23 88 22 18 1 0 0 0 0 0
3 5 88 22 18 0 0 0 0 0 0
71 11 91 3 5 1 0 1 1 1 1
8 19 16 20 12 1 0 1 1 1 1
23 19 12 20 16 0 0 0 0 0 0
1 1 1 1 1 0 0 0  0 0 0
19 11 17 88 71 2 0 2 0 1 0
8 19 20 22 18 0 0 0 1 0 0
3 5 22 18 20 0 0 0 0 0 0
23 14 6 55 17 0 1 1 0 2 1
14 23 16 12 55 0 0 0 0 0 0
14 23 12 16 20 0 0 0 0 0 0
3 5 12 16 20 0 1 0 2 1 1
19 8 91 11 71 1 2 2 0 0 0
14 23 17 6 55 0 1 0 0 0 0
23 5 6 17 12 0 0 0 1 1 0
5 3 12 11 16 1 0 1 0 0 0
23 5 11 71 12 0 0 0 0 0 0