21 15 12 9 16 0 0 0 0 0 0
6 11 27 10 23 1 1 1 0 0 0
8 5 11 27 17 0 1 0 0 0 0
8 5 17 88 20 0 0 0 0 0 0
21 15 6 18 17 0 0 0 0 0 0
21 15 18 22 6 0 0 0 0 0 0
23 10 22 18 9 0 0 0 1 1 1
23 10 16 9 12 1 0 1 0 0 0
5 8 11 27 6 0 0 0 0 0 0
21 15 11 27 20 0 0 0 0 0 0
15 21 20 88 17 1 0 0 1 0 0
10 23 27 22 18 0 0 0 2 0 1
5 8 12 16 9 2 0 2 0 0 0
15 21 11 6 27 0 0 0 0 0 0
23 15 27 11 6 0 1 0 0 0 0
23 10 6 27 11 1 0 1 0 0 0
23 10 88 17 20 0 0 0 0 0 0
8 5 18 11 22 0 1 0 0 0 0
5 8 9 12 16 1 0 0 2 0 0
15 21 11 27 6 0 0 0 1 0 0
23 10 11 20 27 0 0 0 0 1 0
23 10 20 17 88 1 0 1 0 0 0
5 8 22 18 6 3 0 2 1 0 1
5 8 16 9 12 0 0 0 0 0 0
15 21 16 12 9 0 0 0 1 0 1
23 10 27 11 6 0 1 0 0 0 0
5 8 88 20 17 0 0 0 0 0 0
0 0 0 0 0 0 0 0 0 0 0
23 10 12 16 9 1 0 1 0 0 0
5 8 20 88 17 1 0 0 1 0 1
11 17 6 5 8 0 0 0 0 1 1
21 15 11 6 27 0 0 0 0 0 0
1 1 1 1 1 0 0 0 0 0 0
15 5 1 18 22 0 0 0 2 1 2
15 21 27 6 11 0 0 0 0 1 0
21 15 27 6 11 0 0 0 1 0 0
23 10 16 9 12 0 0 0 2 1 1
1 1 1 1 1 0 0 0 0 0 0
15 21 11 27 6 0 0 0 0 0 0
5 8 27 11 6 1 0 1 0 0 0
1 1 1 1 1 0 0 0 0 0 0
16 23 17 11 10 0 0 0 0 2 2
23 10 9 12 16 0 0 0 0 1 0
15 21 16 9 12 1 0 1 0 0 0
22 17 18 8 5 1 0 0 0 0 0
10 23 6 27 11 0 1 0 1 0 0
21 15 88 20 17 0 0 0 0 0 0
5 8 16 17 20 0 2 2 1 0 0
8 5 16 9 12 0 0 0 1 0 1
23 10 11 6 27 0 0 0 1 1 1
15 21 11 6 17 0 0 0 0 0 0
0 0 0 0 0 0 0 0 0 0 0
5 8 27 11 6 0 2 0 0 0 0
23 5 12 16 9 1 0 0 1 0 1
1 1 1 1 1 0 0 0 0 0 0
5 8 22 20 18 0 0 0 1 0 0
23 10 22 18 20 0 0 0 1 0 0
23 10 11 27 6 0 1 1 0 0 0
21 15 6 27 11 0 0 0 1 0 1
21 15 12 16 9 0 0 0 0 0 0
8 5 17 88 20 2 0 0 0 0 0
20 23 16 22 18 0 0 0 0 0 0
10 23 27 6 11 0 0 0 1 0 1
21 15 12 16 9 0 0 0 2 0 1
1 1 1 1 1 0 0 0 0 0 0
23 10 20 22 18 0 1 0 0 0 0
15 21 27 11 6 0 0 0 1 0 0
5 8 88 17 20 0 0 0 1 0 1
5 8 12 9 17 0 0 0 0 0 0
23 8 9 12 17 0 1 0 0 0 0
23 10 12 16 9 0 0 0  0 0 0
23 10 22 16 11 0 1 1 1 0 0
8 15 22 11 18 1 0 0 0 0 0
10 8 18 22 20 0 1 0 0 0 0
15 10 20 18 27 0 0 0 1 0 0
21 15 6 27 11 2 0 2 0 1 1
8 10 88 17 20 0 1 0 0 0 0
