14 23 7 17 6 0 1 1 0 0 0
3 5 91 71 11 2 0 2 0 0 0
15 21 16 27 12 0 1 0 1 0 0
14 23 88 19 22 0 0 0 1 1 2
3 5 27 17 6 1 0 1 0 0 0
3 5 91 71 11 0 0 0 0 0 0
21 15 12 27 16 1 1 0 1 0 0
14 23 19 88 22 0 0 0 0 0 0
1 1 1 1 1 0 0 0 0 0 0
15 21 22 88 19 0 0 0 1 0 0
3 5 71 11 91 1 0 1 0 0 0
23 14 6 27 17 1 0 1 1 0 0
15 21 16 12 19 0 0 0 0 0 0
3 5 71 11 91 0 0 0 0 1 0
14 23 19 88 22 0 0 0 1 0 0
15 21 27 17 6 0 0 0 0 0 0
3 5 12 17 19 0 0 0 0 0 0
3 5 12 16 19 1 0 0 0 0 0
3 5 11 91 71 1 0 0 1 0 1
14 23 11 91 71 0 0 0 0 0 0
14 23 22 19 88 0 0 0 0 0 0
21 15 22 19 88 1 0 0 0 0 0
21 15 11 19 6 0 0 0 1 0 1
5 3 17 6 11 0 0 0 1 0 1
14 23 27 12 17 0 0 0 1 0 0
23 14 12 16 27 0 0 0 0 0 0
21 23 27 16 71 0 0 0 1 0 0
21 15 71 91 11 0 0 0 1 0 0
0 0 0 0 0 0 0 0 0 0 0
3 5 16 12 27 0 0 0 0 0 0
23 14 11 91 71 1 2 1 0 0 0
21 15 6 27 17 1 0 1 0 0 0
5 3 22 88 19 1 0 0 1 0 1
21 15 12 27 16 1 1 1 0 0 0
14 23 71 91 11 0 0 0 1 0 0
14 23 17 6 27 0 0 0 1 0 0
3 5 17 27 6 0 0 0 0 0 0
3 5 22 88 19 0 0 0 0 0 0
3 5 88 19 12 0 1 1 0 0 0
21 15 12 16 27 1 0 0 2 0 2
23 14 91 71 11 0 1 0 0 1 0
5 3 27 6 17 0 1 1 2 0 1
15 21 17 6 19 0 0 0 0 0 0
15 21 88 19 22 0 0 0 3 1 2
14 23 12 16 27 1 0 0 2 0 0
5 3 71 91 11 0 1 1 0 0 0
21 15 27 6 17 0 0 0 0 1 0
14 23 6 27 17 0 1 1 1 1 1
14 23 22 19 88 0 0 0 0 0 0
3 5 22 88 19 0 0 0 0 0 0
21 15 12 16 27 1 0 0 1 0 0
21 5 12 27 16 1 0 0 0 0 0
21 5 91 71 11 0 0 0 1 0 0
0 0 0 0 0 0 0 0 0 0 0
5 3 11 71 91 1 0 1 0 0 0
15 21 17 6 88 0 1 0 0 0 0
15 21 12 27 17 0 0 0 1 1 1
14 23 16 12 27 0 0 0 0 0 0
14 23 22 19 16 0 0 0 0 1 0
14 23 19 88 22 0 0 0 1 0 1
3 5 19 22 88 0 0 0 0 1 0
3 5 22 11 71 0 0 0 1 0 0
15 21 71 11 91 0 0 0 2 1 2
14 23 17 6 88 1 1 1 0 0 0
3 5 12 16 27 0 1 0 0 1 0
15 21 12 16 27 0 0 0 0 0 0
21 15 19 22 16 0 0 0 0 0 0
21 15 22 19 88 0 0 0 2 0 1
14 23 22 88 19 0 0 0 0 0 0
14 23 71 91 11 2 0 1 0 0 0
3 5 11 71 91 0 0 0 0 0 0
3 5 6 88 17 0 0 0 2 0 0
21 15 12 16 27 0 0 0 0 0 0
14 23 12 16 27 0 0 0 0 0 0
23 14 22 27 19 1 0 1 1 0 1
3 5 11 71 91 0 0 0 0 1 1
21 15 6 17 88 0 1 0 0 0 0
21 3 17 6 88 0 0 0 0 0 0
15 23 16 27 12 0 1 1 1 1 0
5 14 11 71 91 0 0 0 0 0 0
5 14 22 88 19 0 0 0 0 0 0
14 23 19 88 22 0 1 0 0 2 1
3 23 19 6 17 0 1 0 0 0 0

