27 71 91 5 11 1 1 1 0 0 0
23 6 17 12 16 0 0 0 0 0 0
1 1 1 1 1 0 0 0 0 0 0
27 71 91 5 11 1 1 1 0 0 0
12 16 17 23 6 1 0 1 0 0 0
1 1 1 1 1 0 0 0 0 0 0
27 91 71 5 11 0 0 0 1 0 1
0 0 0 0 0  0 0 0 0 0 0
71 5 11 27 91 1 0 1 0 0 0
6 23 17 12 16 1 0 0 0 1 1
1 1 1 1 1 0 0 0 0 0 0
11 71 91 27 5 2 0 2 0 0 0
16 15 11 27 17 1 0 1 0 0 0
0 0 0 0 0  0 0 0 0 0 0
71 27 91 5 11 2 0 1 0 0 0
17 16 88 6 23 0 3 1 0 0 0
15 8 6 16 17 0 2 0 1 0 0
1 1 1 1 1 0 0 0 0 0 0
5 16 17 6 88 1 0 0 0 0 0
15 11 71 27 91 3 1 2 0 0 0
5 11 71 91 27 0 0 0 0 0 0
5 6 16 91 27 0 0 0 0 0 0
17 16 88 6 15 0 0 0 2 0 2
1 1 1 1 1 0 0 0 0 0 0
27 71 91 5 11 3 2 2 0 0 0
5 11 6 71 91 1 1 2 0 0 0
16 17 6 23 88 0 0 0 0 0 0
