3 5 16 27 12 0 0 0 0 0 0
15 21 91 71 11 0 1 0 0 1 0
14 8 11 17 6 1 0 1 0 0 0
14 8 88 17 6 0 0 0 0 0 0
3 5 18 22 55 2 1 0 0 0 0
21 15 12 27 16 0 1 0 0 0 0
14 8 11 71 91 0 0 0 0 1 0
3 5 6 88 17 0 0 0 0 0 0
3 5 6 17 55 1 0 1 0 0 0
21 15 55 18 12 0 0 0 0 0 0
21 15 55 12 27 0 0 0 1 0 0
14 15 16 12 27 0 1 1 0 0 0
14 8 16 27 12 0 0 0 1 0 1
14 8 71 11 91 1 1 1 0 0 0
3 5 17 6 88 0 0 0 0 0 0
15 21 18 22 55 2 0 0 1 0 0
14 8 27 16 12 1 0 0 0 0 0
14 8 27 12 16 1 0 1 0 0 0
3 5 11 91 71 0 0 0 0 0 0
21 15 17 6 88 0 0 0 0 0 0
14 8 22 55 18 0 0 0 0 0 0
3 5 27 12 16 1 0 0 1 0 0
15 21 12 27 16 0 0 0 1 0 0
15 21 71 11 91 0 0 0 0 0 0
14 8 71 11 91 0 1 0 0 0 0
5 3 17 6 88 0 0 0 0 0 0
21 5 6 17 55 2 0 1 0 0 0
0 0 0 0 0 0 0 0 0 0 0
5 3 12 16 27 0 0 0 1 0 1
21 15 71 91 11 0 0 0 0 0 0
21 15 6 17 88 1 0 0 0 0 0
14 8 88 6 17 0 0 0 1 0 0
14 8 18 22 55 0 0 0 4 2 1
5 3 12 16 27 0 0 0 0 1 0
15 21 91 11 16 0 0 0 0 0 0
15 21 11 91 71 0 0 0 0 0 0
1 1 1 1 1 0 0 0 0 0 0
6 88 17 5 3 0 1 1 0 0 1
6 88 18 5 3 0 0 0 2 1 0
18 22 55 21 15 0 0 0 0 0 0
15 8 18 22 55 0 1 0 0 0 0
8 14 12 16 27 0 1 0 0 0 0
5 3 11 71 27 1 0 0 0 0 0
5 3 11 91 71 0 0 0 0 0 0
1 1 1 1 1 0 0 0 0 0 0
15 21 18 22 55 0 0 0 0 1 0
8 15 12 16 27 1 0 1 0 0 0
14 8 12 16 27 0 0 0 0 0 0
14 5 12 16 27 1 0 0 0 0 0
1 1 1 1 1 0 0 0 0 0 0
15 8 22 55 18 0 0 0 0 1 1
14 5 91 71 11 0 0 0 0 0 0
3 21 88 17 6 1 1 2 0 1 0
0 0 0 0 0 0 0 0 0 0 0
15 8 91 71 11 0 0 0 1 0 0
1 1 1 1 1 0 0 0 0 0 0
3 5 55 12 91 0 0 0 0 0 0
14 5 18 12 55 0 0 0 0 0 0
15 14 55 18 22 0 0 0 2 0 2
15 8 17 88 6 0 0 0 0 0 0
3 21 6 88 17 0 1 0 0 0 0
21 3 11 17 6 1 0 1 0 0 0
21 3 11 71 91 1 1 1 1 0 0
14 5 27 12 16 0 0 0 0 0 0
15 8 12 16 27 0 1 0 0 0 0
3 21 22 18 55 1 0 0 0 0 0
1 1 1 1 1 0 0 0 0 0 0
0 3 14 27 6 1 0 1 0 0 0
0 14 17 11 5 1 0 1 0 0 0
0 15 8 11 17 0 0 0 0 0 0
0 8 15 71 11 0 0 0 0 0 0
1 1 1 1 1 0 0 0 0 0 0
3 21 18 22 55 0 1 1 0 1 0
14 5 27 6 71 1 0 0 0 0 0
15 14 27 12 6 1 1 1 0 0 0
14 15 11 17 12 0 0 0 0 0 0
1 1 1 1 1 0 0 0 0 0 0
15 8 22 18 55 0 0 0 0 1 1
14 5 55 16 91 0 0 0 1 0 1
14 5 88 16 91 0 0 0 0 1 0
14 21 12 11 17 0 0 0 0 0 0
3 21 12 17 11 0 0 0 1 3 2