15 21 17 71 91 0 0 0 0 1 0
23 5 19 7 6 1 0 0 0 0 0
21 3 12 16 27 1 1 0 0 0 0
14 5 22 18 88 0 0 0 0 0 0
21 15 71 17 91 0 0 0 1 0 0
23 5 19 6 7 2 0 0 2 0 1
21 23 19 6 7  0 1 0 0 0 0
21 3 12 16 27 0 0 0 0 0 0
21 3 22 27 16 0 0 0 1 0 0
23 22 18 88 14 0 1 1 0 0 0
15 5 6 7 19 0 0 0 0 0 0
23 21 91 71 17 1 0 0 1 0 0
21 23 91 17 71 1 0 0 0 0 0
3 5 16 27 12 0 0 0 0 0 0
1 1 1 1 1 0 0 0  0 0 0
14 23 17 71 7 0 0 0 0 0 0
14 5 17 71 91 0 1 1 0 0 0
3 23 7 16 27 0 0 0 0 0 0
21 5 16 7 27 1 0 0 1 0 0
23 21 91 71 17 0 0 0 1 1 0
1 1 1 1 1 0 0 0 0 0 0
21 14 27 16 7 0 0 0 0 0 0
3 5 22 88 18 0 0 0 0 0 0
15 5 91 71 17 0 0 0 0 0 0
0 0 0 0 0  0 0 0 0 0 0
5 23 71 17 91 0 0 0 0 1 0
6 7 19 21 15 0 1 0 0 0 0
3 5 19 7 27 0 0 0 1 0 0
12 16 27 3 5 1 0 0 1 0 1
18 88 22 23 14 0 0 0 0 0 0
17 71 91 14 15 1 0 1 0 0 0
71 17 91 21 15 0 1 0 0 0 0
15 21 91 7 17 1 0 1 0 0 0
6 7 19 5 23 2 1 1 0 0 0
21 5 12 16 27 0 0 0 0 0 0
21 3 12 16 27 1 0 0 1 0 0
22 18 88 14 15 0 0 0 1 1 0
91 17 71 5 23 1 0 0 1 0 0
23 5 17 6 19 0 0 0 1 0 0
21 15 17 71 91 1 0 0  2 0 1
23 14 91 71 17 1 0 1 0 0 0
7 27 16 14 23 1 1 1 2 0 2
5 3 19 17 6 0 0 0 0 1 0
3 5 17 71 6 0 1 0 0 0 0
21 15 27 7 16 2 0 1 0 0 0
21 15 71 17 91 0 1 0 1 0 1
14 23 22 18 88 0 0 0 0 0 0
5 23 19 6 7 0 0 0 0 0 0
21 15 27 16 71 0 0 0 0 0 0
5 23 16 71 27 0 0 0 1 1 0
23 5 91 17 7 0 0 0 2 2 2
0 0 0 0 0  0 0 0  0 0 0
5 23 17 71 91 1 0 0 0 0 0
21 15 7 6 19 0 0 0 0 0 0
5 23 19 6 7 0 0 0 0 0 0
5 23 27 7 19 1 0 1 0 0 0
1 1 1 1 1  0 0 0 0 0 0
3 23 7 27 17 0 0 0 0 0 0
3 23 27 16 7 0 0 0 0 0 0
27 7 16 15 21 0 0 0 0 0 0
91 71 17 14 5 0 0 0 0 1 0
23 21 19 6 7 0 0 0 0 1 1
15 5 16 7 27 1 0 1 0 0 0
15 5 16 27 88 0 0 0 0 0 0
1 1 1 1 1 0 0 0  0 0 0
21 15 17 22 91 0 0 0 1 0 0
15 21 91 71 17 1 0 1 0 0 0
23 5 27 16 7 0 3 1 0 0 0
23 5 6 19 88 0 0 0 0 2 0
21 5 16 91 17 0 0 0 0 0 0
5 21 6 91 16 0 0 0 0 1 0
21 5 19 7 6 1 0 1 0 0 0
5 21 6 7 27 0 1 0 0 0 0
15 3 27 88 71 1 0 0 0 0 0