23 14 11 71 17 0 0 0 2 0 0
15 8 6 88 91 1 0 0 2 1 1
3 5 12 27 16 1 0 0 0 0 0
3 5 22 88 27 1 0 0 0 0 0
14 23 22 88 18 1 0 0 0 0 0
14 23 11 18 22 0 0 0 0 1 0
15 8 11 17 71 1 0 0 1 1 0
8 15 6 91 88 2 0 0 0 0 0
3 5 6 88 91 0 0 0 1 0 1
3 5 27 16 12 1 0 0 0 0 0
3 5 12 27 16 0 0 0 2 1 2
1 1 1 1 1 0 0 0 0 0 0
15 23 16 17 12 0 0 0 0 0 0
15 8 22 18 88 1 0 0 0 0 0
3 5 11 17 71 1 0 0 0 0 0
3 5 12 16 27 0 0 0 0 0 0
14 23 91 88 6 0 1 0 0 2 2
15 8 71 11 17 0 3 0 1 1 0
3 5 91 22 18 1 0 0 0 0 0
23 14 12 16 27 2 0 1 0 0 0
0 0 0 0 0  0 0 0 0 0 0
17 12 23 15 16 1 0 1 0 1 1
15 8 11 71 91 2 0 2 0 0 0
3 5 71 91 11 0 1 0 0 0 0
3 5 18 88 22 2 0 0 0 0 0
14 23 22 18 88 0 0 0 0 0 0
1 1 1 1 1 0 0 0 0 0 0
3 5 6 11 91 0 1 1 1 0 1
23 14 88 6 17 0 1 0 1 0 0
23 14 88 6 12 0 0 0 1 0 1
15 8 12 27 16 3 0 0 0 0 0
3 5 11 71 91 0 1 1 0 0 0
23 3 91 71 11 1 1 1 0 0 0
1 1 1 1 1 0 0 0 0 0 0
0 11 5 71 27 0 0 0 1 0 0
1 1 1 1 1 0 0 0 0 0 0
15 8 88 6 17 0 0 0 0 0 0
14 23 18 11 22 1 1 0 1 1 0
3 5 27 16 71 1 0 0 0 0 0
15 8 91 11 88 2 0 0  0 0 0
0 0 0 0 0  0 0 0 0 0 0
8 15 27 16 17 0 1 0 0 1 0
15 5 18 27 11 0 0 0 0 1 0
5 3 22 27 18 1 0 1 1 0 0
3 5 91 22 71 1 1 0 0 0 0
23 14 88 17 6 0 0 0 0 0 0
15 8 17 27 16 0 0 0 0 0 0
3 5 11 22 18 0 0 0 1 0 0
1 1 1 1 1 0 0 0 0 0 0
14 23 22 27 18 1 0 0 0 1 0
3 5 91 11 71 0 0 0 0 0 0
15 8 17 6 16 1 1 1 0 0 0
15 8 17 22 27 0 0 0 0 0 0
14 23 22 27 88 0 0 0 0 0 0
1 1 1 1 1 0 0 0 0 0 0
16 88 23 6 17 0 1 0 0 0 0
22 17 16 23 5 1 0 1 0 0 0
15 5 27 17 16 0 1 0 0 0 0