6 17 88 21 15 0 0 0 0 0 0
1 1 1 1 1 0 0 0 0 0 0
6 17 88 15 21 0 0 0 0 0 0
5 23 71 17 19 0 0 0 2 0 0
71 19 91 21 5 0 0 0 0 1 0
1 1 1 1 1 0 0 0 0 0 0
5 21 17 16 91 0 0 0 0 0 0
71 19 22 15 21 0 0 0 0 1 0
27 7 16 5 3 0 0 0 0 0 0
14 23 6 17 88 0 0 0 0 0 0
15 19 71 21 91 0 0 0 0 0 0
5 3 7 27 16 0 0 0 1 1 1
14 21 17 88 6 0 0 0 1 0 0
14 15 17 88 6 0 0 0 0 1 0
14 15 6 17 27 0 0 0 0 1 0
5 15 71 19 91 0 0 0 1 1 0
91 71 19 21 15 0 0 0 0 0 0
14 5 91 71 19 0 0 0 0 0 0
5 23 22 17 18 1 0 0 0 0 0
3 21 17 22 18 0 0 0 0 0 0
21 3 7 27 17 0 0 0 1 0 1
16 27 7 5 14 0 1 1 0 0 0
15 23 17 6 88 0 0 0 0 0 0
15 23 17 19 88 0 1 0 0 0 0
5 21 71 19 91 0 1 1 1 1 1
3 23 7 27 16 0 0 0 2 3 3
5 21 88 17 6 0 0 0 0 1 0
0 0 0 0 0  0 0 0 0 0 0
88 6 17 21 15 0 0 0 1 1 1
5 23 71 91 19 1 0 0 0 0 0
5 21 71 91 19 1 0 1 0 0 0
27 7 16 21 15 0 0 0 0 0 0
1 1 1 1 1 0 0 0 0 0 0
0 7 5 21 27 1 0 0 0 2 1
1 1 1 1 1 0 0 0 0 0 0
7 27 21 16 5 0 0 0 0 1 0
14 23 7 16 27 0 0 0 0 0 0
14 23 17 6 88 0 0 0 1 0 0
71 91 18 3 5 0 0 0 2 0 1
16 27 15 21 7 0 0 0 1 0 1
23 15 7 16 17 1 0 0 0 0 0
14 23 17 22 18 0 0 0 0 0 0
3 5 19 91 71 1 0 0 1 1 1
7 27 16 5 3 0 0 0 0 0 0
6 17 88 21 15 0 0 0 1 0 0
91 19 22 21 15 0 0 0 0 2 0
16 7 27 14 23 1 1 1 0 0 0
3 5 17 88 6 0 0 0 0 0 0
5 21 6 17 88 0 0 0 0 0 0
21 15 18 22 17 0 0 0 0 1 0
15 23 22 91 18 0 0 0 0 0 0
23 91 7 14 27 3 0 2 2 1 1
5 21 91 27 7 0 0 0 1 1 2
17 6 88 23 3 0 0 0 0 0 0
0 0 0 0 0  0 0 0 0 0 0
5 21 6 17 88 1 0 0 1 0 0
27 16 7 23 15 1 2 0 0 0 0
5 88 19 22 3 0 0 0 0 0 0
19 17 6 14 21 0 1 1 0 0 0
91 6 17 21 14 0 0 0 1 0 1
23 15 7 27 16 0 0 0 0 2 1
22 19 88 3 5 1 0 1 0 0 0
14 23 91 6 17 0 0 0 0 0 0
21 15 27 16 7 0 0 0 0 0 0
3 5 7 19 16 0 0 0 0 0 0
19 88 71 23 21 1 0 0 1 0 1
5 71 15 19 88 0 0 0 0 0 0
23 15 7 22 27 2 0 0 0 0 0
22 18 7 23 14 0 0 0 0 0 0
5 23 6 91 17 0 0 0 0 0 0
3 5 17 88 6 0 0 0 0 0 0
91 27 3 15 16 0 0 0 1 0 1
23 14 27 16 7 0 0 0 0 0 0
1 1 1 1 1 0 0 0 0 0 0
71 22 18 21 5 0 0 0 1 0 0
3 7 16 27 23 0 0 0 0 0 0
91 6 17 14 3 0 0 0 0 0 0
