3 5 71 17 91 1 0 1 0 0 0
1 1 1 1 1 0 0 0 0 0 0
21 15 16 17 91 0 1 0 0 0 0
21 5 22 88 18 0 0 0 0 0 0
5 14 22 18 88 0 0 0 1 0 0
23 18 71 17 5 0 0 0 0 1 1
21 23 71 91 7 1 2 1 0 0 0
71 5 19 7 23 0 1 1 0 0 0
23 5 19 7 6 0 0 0 1 0 0
3 5 27 16 11 0 0 0 0 1 0
21 15 71 91 17 2 1 1 1 0 1
21 15 7 19 6 0 0 0 0 0 0
23 5 6 7 19 0 0 0 1 0 1
5 23 16 11 27 1 0 0 0 0 0
21 5 11 16 27 0 0 0 1 0 0
15 21 17 91 71 0 0 0 2 0 0
3 5 22 18 88 1 0 0 0 0 0
3 5 7 6 19 0 1 0 0 0 0
14 23 19 7 6 0 0 0 2 1 0
15 21 16 27 11 0 0 0 1 0 0
3 5 17 27 16 0 0 0 0 0 0
14 23 71 91 17 0 0 0 0 0 0
1 1 1 1 1 0 0 0 0 0 0
15 5 6 7 91 0 0 0 0 0 0
1 1 1 1 1 0 0 0 0 0 0
14 23 16 88 11 0 0 0 1 0 0
21 23 71 88 16 0 0 0 0 0 0
0 0 0 0 0  0 0 0 0 0 0
21 15 71 17 91 1 0 1 1 1 1
23 5 27 16 11 1 2 0 0 2 2
15 21 7 6 19 0 0 0 0 0 0
3 5 18 19 88 1 1 2 0 0 0
1 1 1 1 1 0 0 0 0 0 0
21 15 17 7 11 1 0 0 0 0 0
1 1 1 1 1 0 0 0 0 0 0
17 5 6 91 16 0 1 0 0 0 0
19 21 15 7 88 0 0 0 2 0 1
23 14 11 16 27 0 0 0 0 1 0
14 5 17 27 11 0 0 0 0 0 0
15 5 17 71 91 0 1 0 0 0 0
15 21 17 71 91 0 0 0 1 0 0
5 21 71 17 91 0 1 0 0 0 0
23 5 88 22 18 0 0 0 1 0 0
23 5 6 7 19 0 0 0 1 0 1
15 21 11 6 7 0 0 0 0 0 0
1 1 1 1 1 0 0 0 0 0 0
22 18 88 3 5 2 0 1 0 0 0
17 71 91 21 15 1 0 1 1 1 1
5 21 7 17 6 0 1 0 0 0 0
14 5 6 19 7 0 1 1 0 0 0
21 23 7 19 6 0 0 0 0 2 1
23 21 11 16 27 0 1 0 0 0 0
0 0 0 0 0  0 0 0 0 0 0
14 15 88 7 71 0 0 0 0 0 0
14 15 71 7 19 0 0 0 0 0 0
3 5 22 17 6 0 0 0 0 1 0
21 15 17 22 6 0 0 0 1 0 1
21 15 19 91 7 0 0 0 1 1 0
15 21 19 7 16 0 0 0 0 1 0
14 5 71 16 88 0 0 0 0 0 0
14 5 22 6 17 0 0 0 0 0 0
21 15 91 71 17 0 0 0 0 0 0
71 7 5 3 17 0 1 0 0 0 0
3 5 7 19 6 0 0 0 0 1 0
14 15 27 16 17 0 0 0 0 1 1
21 14 17 27 16 0 0 0 0 0 0
14 21 16 17 27 1 0 0 0 0 0
5 21 17 16 91 0 0 0 0 0 0
1 1 1 1 1 0 0 0 0 0 0
15 19 17 71 7 0 0 0 0 0 0
19 15 17 7 11 1 0 1 0 0 0
27 71 7 11 5 0 0 0 0 2 0
