71 7 11 21 15 1 0 1 0 0 0
16 27 12 19 5 0 0 1 0 0 0
23 8 13 12 91 1 0 0 0 0 0
17 91 13 23 8 0 0 0 1 0 0
21 15 88 18 22 0 1 0 0 0 0
5 19 71 11 7 0 1 1 0 0 0
19 5 27 12 16 0 0 0 0 0 0
8 23 16 71 27 0 1 1 0 0 0
11 71 7 23 8 0 0 0 1 0 0
88 13 18 21 15 0 1 0 1 1 0
21 15 71 7 11 0 0 0 0 0 0
1 1 1 1 1 0 0 0 0 0 0
12 16 27 5 19 1 1 0 0 0 0
22 18 88 23 8 1 0 0 0 0 0
1 1 1 1 1 0 0 0 0 0 0
23 8 88 17 22 1 0 1 0 0 0
88 91 17 23 8 1 0 0 0 0 0
16 12 27 15 21 2 1 2 1 0 1
71 7 11 19 5 0 0 0 0 0 0
0 0 0 0 0 0 0 0 0 0 0
11 71 7 5 19 0 0 0 0 0 0
22 12 16 15 21 0 1 0 0 0 0
1 1 1 1 1 0 0 0 0 0 0
13 17 91 19 5 1 1 0 0 0 0
22 18 88 19 5 0 0 0 0 0 0
1 1 1 1 1 0 0 0 0 0 0
16 22 88 21 15 1 1 0 0 0 0
71 7 11 23 8 0 0 0 0 0 0
13 11 7 8 23 0 1 1 0 0 0
91 13 17 19 5 0 0 0 2 1 2
12 27 16 19 5 1 1 1 0 0 0
22 27 16 21 15 2 1 3 0 0 0
1 1 1 1 1 0 0 0 0 0 0
12 16 17 15 21 0 0 0 0 0 0
22 88 18 8 23 0 0 0 0 0 0
23 8 22 88 7 0 0 0 0 1 0
7 71 11 21 15 2 0 2 0 0 0
17 91 13 19 5 1 1 2 0 1 0
19 5 13 17 27 1 0 1 0 0 0
16 12 27 23 8 0 0 0 0 0 0
0 0 0 0 0 0 0 0 0 0 0
23 7 71 21 11 2 1 0 0 0 0
15 5 17 91 13 0 0 0 0 1 0
23 8 13 18 17 0 0 0 0 0 0
15 21 22 18 88 2 0 2 0 0 0
12 27 16 15 21 1 0 1 1 0 1
71 19 11 7 5 0 0 0 0 1 0
23 7 11 19 71 0 0 0 1 0 1
17 91 13 23 15 0 0 0 0 1 1
22 18 88 5 21 1 0 1 0 0 0
23 19 27 16 12 3 0 1 0 0 0
7 71 11 15 23 1 0 1 0 0 0
17 91 13 21 15 0 0 0 2 0 2
22 18 88 5 8 0 0 0 0 0 0
12 27 88 8 5 1 0 0 0 0 0
12 27 16 19 15 1 0 1 0 0 0
71 7 11 8 5 0 0 0 0 0 0
19 5 71 7 11 0 0 0 0 0 0
19 15 91 13 17 0 2 1 0 0 0
1 1 1 1 1 0 0 0 0 0 0
12 27 16 21 15 0 0 0 0 0 0
71 19 11 5 7 1 0 0 1 0 0
1 1 1 1 1 0 0 0 0 0 0
0 18 16 15 19 0 0 0 0 0 0