2 15 27 7 71 2 0 1 0 0 0
3 15 13 71 7 0 0 0 1 0 1
3 23 13 17 91 0 0 0 0 0 0
11 12 16 14 5 1 0 0 0 0 0
1 1 1 1 1 0 0 0 0 0 0
88 22 11 15 3 0 0 0 0 0 0
88 22 18 15 3 0 0 0 1 0 1
91 18 13 22 3 0 0 0 1 0 0
91 23 17 2 13 0 1 0 1 0 1
14 5 11 18 16 0 0 0 1 1 1
2 15 16 12 7 0 0 0 0 0 0
2 15 71 7 27 1 1 1 0 0 0
3 23 22 18 88 0 1 0 0 0 0
5 23 16 17 12 1 0 1 0 1 0
22 88 18 14 2 1 1 0 0 0 0
71 27 7 3 15 0 1 0 0 0 0
71 27 7 2 15 0 0 0 1 0 0
91 13 11 3 23 0 0 0 0 0 0
3 23 12 16 11 0 0 0 0 0 0
13 17 91 14 5 1 0 0 0 1 0
7 17 2 5 27 0 0 0 0 1 0
23 2 71 7 27 1 0 0 0 0 0
0 0 0 0 0 0 0 0 0 0 0
12 16 17 5 14 2 0 1 0 0 0
23 3 22 18 88 0 0 0 1 0 0
27 71 7 15 2 0 0 0 0 1 0
5 7 14 71 27 1 0 0 0 0 0
14 23 17 91 13 1 0 0 0 1 0
3 23 13 91 17 0 0 0 0 1 0
2 15 12 16 11 0 1 0 0 0 0
14 5 27 7 71 0 0 0 0 1 0
3 23 71 27 7 1 0 0 0 0 0
23 3 18 22 88 0 0 0 0 0 0
1 1 1 1 1 0 0 0 0 0 0
22 15 2 7 13 0 0 0 1 1 1
12 16 11 5 14 0 0 0 0 3 2
0 22 88 2 14 0 0 0 0 0 0
22 88 16 14 5 0 1 0 0 0 0
23 15 22 88 16 2 0 0 0 0 0
12 16 11 23 15 0 0 0 2 1 1
71 27 7 2 5 0 0 0 0 0 0
2 71 88 5 0 0 0 0 0 0 0
0 0 0 0 0 0 0 0 0 0 0
12 16 11 14 5 1 2 0 0 0 0
15 2 13 17 91 0 1 1 1 1 0
7 13 17 3 23 0 2 0 2 0 0
14 7 5 7 71 0 1 0 0 0 0
2 15 18 88 22 1 0 1 0 0 0
16 12 11 23 3 0 1 0 0 1 0
3 5 11 16 12 0 0 0 0 1 1
13 11 17 14 5 0 0 0 1 0 1
91 13 17 2 15 0 0 0 0 0 0
13 17 27 2 15 0 0 0 0 0 0
13 71 27 2 15 0 0 0 1 0 0
7 71 23 3 23 0 1 0 0 0 0
1 1 1 1 1 0 0 0 0 0 0
14 7 71 23 91 0 0 0 0 1 0
23 7 91 11 71 0 0 0 1 0 1
88 22 18 3 23 2 0 1 0 0 0
17 13 91 14 5 0 0 0 0 1 0
17 13 91 2 15 0 1 0 0 0 0
12 11 16 2 15 0 0 0 0 0 0
16 12 11 23 3 0 0 0 0 0 0
7 27 23 3 16 0 1 0 0 0 0
14 71 27 7 5 0 1 0 0 1 0
17 13 5 91 2 1 0 0 0 0 0
