0 7 11 14 5 0 0 0 1 0 1
1 1 1 1 1 0 0 0 0 0 0
0 22 17 5 14 0 0 0 2 0 1
0 15 27 21 12 0 0 0 1 0 0
0 0 0 0 0 0 0 0 0 0 0
0 3 23 7 11 1 0 0 1 4 3
0 21 15 17 71 0 1 0 0 0 0
1 1 1 1 1 0 0 0 0 0 0
0 0 0 0 0 0 0 0 0 0 0
0 15 21 11 71 0 0 0 1 0 1
1 1 1 1 1 0 0 0 0 0 0
0 17 21 17 71 0 0 0 0 1 0
0 21 15 91 88 1 0 1 0 1 0
0 11 7 5 14 1 0 1 1 0 0
0 16 27 5 14 0 0 0 0 0 0
1 1 1 1 1 0 0 0 0 0 0
0 88 17 21 15 0 0 0 1 1 0
0 22 21 15 91 0 0 0 1 3 1
1 1 1 1 1 0 0 0 0 0 0
0 7 11 15 21 0 0 0 0 1 0
0 5 14 71 17 0 0 0 1 0 0
0 15 21 17 71 0 0 0 0 0 0
0 0 0 0 0 0 0 0 0 0 0