27 12 16 14 5 0 1 0 1 0 0
14 5 71 11 7 0 0 0 0 0 0
15 21 71 7 11 0 0 0 1 0 0
13 17 91 3 23 0 0 0 1 0 0
5 14 88 17 11 1 0 0 0 0 0
5 14 22 88 11 0 0 0 1 0 0
15 21 27 12 16 1 1 0 1 0 0
23 3 27 12 16 1 1 0 0 0 0
23 3 7 71 11 1 1 0 0 0 0
14 5 71 11 7 0 1 1 0 1 1
5 14 91 13 17 0 0 0 0 2 0
21 15 13 17 91 0 0 0 1 0 1
15 21 7 22 88 1 0 0 0 0 0
23 3 12 16 27 0 1 0 2 1 0
5 14 71 11 7 1 0 1 0 0 0
21 15 91 17 13 1 0 1 1 2 2
23 21 17 11 13 0 0 0 0 1 0
12 27 16 23 3 0 0 0 0 0 0
5 14 16 27 12 1 1 1 1 1 0
5 14 7 71 11 1 0 1 0 0 0
1 1 1 1 1 0 0 0 0 0 0
0 17 13 15 21 0 0 0 0 0 0
0 91 88 15 21 0 0 0 0 0 0
0 91 88 3 23 0 0 0 0 0 0
21 15 27 16 12 1 1 1 0 0 0
3 23 71 7 11 1 0 0 0 0 0
5 14 91 17 13 0 0 0 1 0 1
21 15 71 7 11 0 1 1 0 0 0
0 0 0 0 0 0 0 0 0 0 0
12 16 27 21 15 1 0 0 0 0 0
71 11 7 14 5 1 2 0 0 0 0
3 23 91 13 17 0 0 0 0 1 0
15 3 13 22 7 0 0 0 1 0 0
88 22 71 21 15 2 0 1 0 0 0
27 16 12 5 14 1 0 1 0 0 0
1 1 1 1 1 0 0 0 0 0 0
13 17 91 21 15 0 0 0 1 1 1
3 23 88 22 7 1 0 0 2 0 1
11 71 7 21 15 2 0 0 0 0 0
91 13 15 21 7 0 0 0 0 1 1
91 13 17 5 14 0 0 0 0 3 1
13 7 17 14 5 0 1 1 0 0 0
22 7 88 3 23 2 0 1 0 0 0
12 16 27 3 23 2 0 0 1 0 1
21 15 71 7 11 0 1 1 0 0 0
13 17 91 14 5 0 0 0 1 0 0
71 7 11 23 3 0 0 0 0 1 0
0 0 0 0 0 0 0 0 0 0 0
12 16 27 5 14 0 0 0 1 1 2
21 15 71 11 7 1 0 1 0 0 0
3 23 71 7 11 1 1 1 0 0 0
17 13 91 5 14 1 0 0 0 0 0
21 5 17 13 91 0 0 0 1 0 0
22 88 11 21 15 2 1 0 0 0 0
12 27 16 15 21 0 0 0 0 1 0
23 3 27 16 71 1 0 0 0 0 0
23 3 7 71 11 0 1 0 0 0 0
7 71 11 5 14 3 2 0 0 0 0
17 13 91 5 14 0 1 1 0 0 0
1 1 1 1 1 0 0 0 0 0 0
22 88 7 5 14 0 0 0 0 0 0
23 5 12 27 7 0 0 0 0 1 0
23 3 27 12 16 1 2 1 0 0 0
1 1 1 1 1 0 0 0 0 0 0
16 27 12 15 21 1 1 0 0 0 0
71 11 7 5 14 0 0 0 2 2 4
1 1 1 1 1 0 0 0 0 0 0
71 11 7 5 14 0 0 0 1 0 0
1 1 1 1 1 0 0 0 0 0 0
21 15 27 71 17 0 0 0 0 0 0
17 27 71 21 5 0 0 0 0 0 0
0 0 0 0 0 0 0 0 0 0 0
0 0 21 27 7 0 0 0 1 0 1
0 0 5 11 16 2 0 0 1 0 0
0 0 71 88 15 0 0 0 1 0 1

