15 21 71 11 7 0 0 0 1 0 0
23 3 22 18 13 1 0 0 0 0 0
5 14 12 27 16 1 0 0 0 0 0
21 5 91 17 6 1 0 0 1 0 0
21 15 11 71 7 0 0 0 0 1 1
14 5 7 27 11 0 0 0 0 0 0
18 13 22 15 21 0 1 0 1 0 0
6 91 17 23 3 1 1 1 1 0 1
15 21 16 12 27 1 0 1 0 0 0
6 91 17 14 5 0 1 0 2 1 0
71 11 7 23 3 2 0 1 0 0 0
15 21 18 22 13 0 0 0 2 1 1
5 14 16 12 27 0 0 0 0 1 0
23 5 91 17 6 0 1 1 0 1 0
11 71 7 23 3 1 0 1 0 0 0
13 17 7 15 21 0 0 0 1 0 0
17 13 6 15 21 0 0 0 0 0 0
5 14 13 17 6 0 0 0 0 0 0
5 14 27 17 13 0 0 0 0 0 0
12 16 14 5 27 1 1 0 0 0 0
0 0 0 0 0 0 0 0 0 0 0
91 17 6 21 15 0 0 0 1 1 1
71 7 11 14 5 0 0 0 0 1 1
3 23 22 13 18 0 0 0 0 1 0
21 15 16 12 27 0 0 0 0 0 0
5 21 12 27 16 0 0 0 1 0 0
27 17 16 5 21 1 0 0 0 0 0
5 14 6 91 17 3 0 2 0 0 0
71 11 7 3 23 0 1 0 0 0 0
1 1 1 1 1 1 1 1 1 1 1
12 16 17 21 5 0 0 0 2 0 1
11 71 7 3 23 0 1 0 0 0 0
71 6 91 21 17 0 2 2 0 0 0
27 12 14 5 17 0 0 0 0 0 0
5 14 12 27 16 0 0 0 1 1 0
23 3 12 27 16 2 0 1 0 0 0
0 0 0 0 0 0 0 0 0 0 0
21 15 13 71 7 0 0 0 1 0 0
23 3 7 71 11 0 0 0 0 1 0
6 91 17 23 3 0 1 1 0 0 0
1 1 1 1 1 0 0 0 0 0 0
3 23 13 17 91 1 0 0 1 1 1
5 14 16 27 12 2 1 0 0 0 0
1 1 1 1 1 0 0 0 0 0 0
71 7 13 21 3 0 0 0 1 0 1
27 16 12 5 15 0 0 0 0 0 0
15 23 12 16 27 0 1 0 1 1 0
5 23 27 17 6 0 0 0 1 1 1
7 13 71 15 21 0 0 0 0 0 0
21 15 12 27 16 1 0 1 0 0 0
23 3 12 16 27 0 0 0 1 1 1
16 6 91 5 14 1 0 1 0 0 0
5 14 17 91 6 1 0 0 0 0 0
1 1 1 1 1 0 0 0 0 0 0
17 13 91 15 21 0 0 0 0 0 0
15 21 13 17 91 0 0 0 0 0 0
27 13 12 15 21 0 1 0 0 0 0
15 21 16 27 12 1 0 1 1 0 0
7 71 6 23 5 0 0 0 0 0 0
