15 21 71 17 91 0 0 0 2 2 1
5 3 11 6 7 0 0 0 0 0 0
14 23 27 12 16 0 0 0 0 0 0
5 3 19 27 12 0 2 0 0 0 0
3 5 88 19 22 0 0 0 0 0 0
21 15 71 91 17 2 0 2 0 0 0
17 71 7 23 15 0 1 0 0 0 0
11 6 7 15 21 1 1 2 0 0 0
23 5 6 7 11 0 0 0 0 0 0
15 5 12 27 16 0 0 0 0 0 0
21 15 27 71 16 0 0 0 0 0 0
3 5 88 22 19 0 0 0 0 1 0
3 23 22 88 19 0 0 0 0 0 0
3 23 7 6 19 0 0 0 0 2 0
15 21 6 7 11 0 0 0 0 0 0
15 21 11 7 71 0 0 0 0 0 0
14 5 11 71 7 0 0 0 1 1 0
14 5 11 91 17 0 0 0 0 0 0
21 23 12 16 27 0 0 0 0 1 0
3 5 27 16 12 0 0 0 0 0 0
14 23 11 6 7 1 0 0 1 0 0
15 21 71 91 17 1 0 0 0 0 0
5 22 88 19 21 0 0 0 2 1 0
21 5 27 16 12 0 0 0 0 1 0
1 1 1 1 1 0 0 0 0 0 0
21 15 12 17 16 0 0 0 3 0 2
23 5 6 7 11 0 0 0 2 1 2
0 0 0 0 0 0 0 0 0 0 0
15 21 71 91 17 0 0 0 0 0 0
1 1 1 1 1  0 0 0 0 0 0
14 23 7 6 11 0 0 0 0 0 0
14 23 27 12 16 0 3 1 0 0 0
21 15 22 88 19 0 0 0 1 0 0
5 23 17 71 91 0 0 0 0 0 0
15 21 11 7 6 1 0 0 0 0 0
5 23 12 16 27 1 1 0 2 2 1
5 3 71 17 91 0 0 0 0 0 0
23 5 7 6 11 0 0 0 0 0 0
23 14 6 7 11 0 0 0 0 1 1
15 21 71 17 91 2 0 1 0 1 0
15 21 22 19 88 0 0 0 0 0 0
3 5 19 88 22 0 0 0 1 0 0
3 5 19 88 27 2 0 0 0 0 0
3 5 16 27 12 0 0 0 0 0 0
14 23 12 16 27 0 0 0 2 0 2
21 15 6 7 11 2 1 1 2 0 1
23 5 91 71 17 1 1 1 0 4 2
3 15 27 88 16 2 2 1 0 0 0
23 5 11 6 7 0 0 0 0 0 0
0 0 0 0 0  0 0 0 0 0 0
21 15 91 71 17 1 0 0 0 0 0
23 5 6 7 11 0 0 0 1 0 0
15 21 11 6 7 0 1 0 0 0 0
23 5 12 27 16 2 0 0 2 0 0
21 15 17 71 91 0 0 0 2 2 2
3 5 22 17 19 1 0 0 0 0 0
23 5 19 22 88 0 0 0 0 0 0
15 21 6 11 7 2 1 2 0 0 0
5 23 27 16 12 0 0 0 0 0 0
21 15 16 27 71 1 0 1 0 0 0
3 5 17 71 91 0 0 0 0 2 0
23 21 7 11 6 0 0 0 0 0 0
21 15 11 7 6 0 0 0 0 0 0
23 5 6 7 11 2 0 1 0 0 0
5 23 91 71 17 0 0 0 0 0 0
5 23 71 17 19 0 0 0 1 0 1
21 15 6 7 19 0 2 1 0 0 0
21 15 27 7 19 0 1 0 0 0 0
5 23 11 22 27 0 0 0 0 0 0
5 23 22 11 27 0 0 0 0 0 0
15 21 22 11 88 0 0 0 0 0 0
15 21 27 12 16 0 3 2 1 0 1
5 12 91 71 17 0 1 0 0 0 0
23 5 6 11 7 0 1 0 0 0 0
1 1 1 1 1 0 0 0 0 0 0
21 15 71 91 17 0 0 0 1 0 0
15 21 11 7 6 1 0 0 0 0 0
5 23 6 7 11 0 0 0 0 0 0
0 0 0 0 0  0 0 0 0 0 0
15 21 71 91 17 0 0 0 1 1 1
5 23 12 27 16 0 0 0 0 0 0
21 15 11 6 7 0 0 0 1 0 0
23 5 11 7 6 0 1 0 0 0 0
23 5 17 91 71 0 0 0 0 0 0
15 21 27 16 17 0 1 0 0 0 0
21 15 16 27 12 0 0 0 0 0 0
5 23 12 16 27 0 0 0 0 0 0
5 23 11 6 27 0 0 0 0 1 0
15 21 11 6 7 0 0 0 0 0 0
0 0 0 0 0  0 0 0 0 0 0
7 71 11 5 21 0 0 0 0 0 0
23 21 6 7 17 0 0 0 1 0 1